#raio
0.94923409431638
#G1
0.30587821191296238000
0.26093883011945651000
-0.14902736797463076000
-0.23588352641851551000
-0.19907580398405619000
-0.19828031847982414000
-0.22369676402192804000
-0.24867517163914513000
-0.19242237969470574000
-0.24224568190124707000
-0.17448912926570406000
-0.07461318693978788400
0.43056937602327833000
#G2
0.34632682700472567000
0.26093883011945684000
-0.11782511559000640000
0.05094268413421073500
0.13432455752352518000
0.11795957460758823000
-0.10946850113512538000
0.26093883011945551000
-0.13520952746763099000
-0.21905553140149070000
-0.16810422869326919000
-0.06755524618221078700
0.39911967845802621000
#G3
0.25190218759964184000
0.25370662629987589000
-0.09108359300781958300
0.19048105282194119000
0.20430366014963694000
-0.07679354277143685100
-0.04892370764726358700
-0.19030669743571910000
-0.07802911921511963800
-0.23282553922246851000
-0.17666664193017992000
-0.09845434630001155500
0.55368346083230791000
