59.000000 1.000000 -1.000000 1.000000 -1.000000 1.000000 -1.000000 0.000000 0.000000 0.000000 0.000000 0.000000 0.000000
59.000000 1.000000 -1.000000 1.000000 -1.000000 1.000000 -1.000000 0.000000 0.000000 0.000000 0.000000 0.000000 0.000000
59.000000 1.000000 -1.000000 1.000000 -1.000000 1.000000 -1.000000 0.000000 0.000000 0.000000 0.000000 0.000000 0.000000
59.000000 1.000000 -1.000000 1.000000 -1.000000 1.000000 -1.000000 0.000000 0.000000 0.000000 0.000000 0.000000 0.000000
59.000000 1.000000 -1.000000 1.000000 -1.000000 1.000000 -1.000000 0.000000 0.000000 0.000000 0.000000 0.000000 0.000000
59.000000 1.000000 -1.000000 1.000000 -1.000000 1.000000 -1.000000 0.000000 0.000000 1.000000 1.000000 1.000000 0.000000
59.000000 1.000000 -1.000000 1.000000 -1.000000 1.000000 -1.000000 0.000000 0.000000 1.000000 1.000000 1.000000 0.000000
59.000000 1.000000 -1.000000 1.000000 -1.000000 1.000000 -1.000000 0.000000 0.000000 1.000000 1.000000 1.000000 -0.991954
59.000000 1.000000 -1.000000 1.000000 -1.000000 1.000000 -1.000000 0.000000 0.000000 1.000000 1.000000 1.000000 -0.991954
59.000000 1.000000 -1.000000 1.000000 -1.000000 1.000000 -1.000000 0.000000 0.000000 1.000000 1.000000 1.000000 -0.991954
59.000000 1.000000 -1.000000 1.000000 -1.000000 1.000000 -1.000000 0.000000 0.000000 1.000000 1.000000 1.000000 -0.991954
56.000000 1.000000 -1.000000 1.000000 1.000000 1.000000 -1.000000 0.000000 0.000000 1.000000 1.000000 1.000000 0.628315
56.000000 1.000000 -1.000000 1.000000 1.000000 1.000000 -1.000000 0.000000 0.000000 0.000000 0.000000 0.000000 0.847247
56.000000 1.000000 -1.000000 1.000000 1.000000 1.000000 -1.000000 0.000000 0.000000 0.000000 0.000000 0.000000 0.847247
56.000000 1.000000 -1.000000 1.000000 1.000000 1.000000 -1.000000 0.000000 0.000000 0.000000 0.000000 0.000000 0.847247
56.000000 1.000000 -1.000000 1.000000 1.000000 1.000000 -1.000000 0.000000 0.000000 0.000000 0.000000 0.000000 0.847247
56.000000 1.000000 -1.000000 1.000000 1.000000 1.000000 -1.000000 0.000000 0.000000 0.000000 0.000000 0.000000 0.847247
56.000000 1.000000 -1.000000 1.000000 1.000000 1.000000 -1.000000 0.000000 0.000000 0.000000 0.000000 0.000000 0.847247
56.000000 1.000000 -1.000000 1.000000 1.000000 1.000000 -1.000000 0.000000 0.000000 0.000000 0.000000 0.000000 0.847247
56.000000 1.000000 -1.000000 1.000000 1.000000 1.000000 -1.000000 0.000000 0.000000 0.000000 0.000000 0.000000 0.847247
56.000000 1.000000 -1.000000 1.000000 1.000000 1.000000 -1.000000 0.000000 0.000000 0.000000 0.000000 0.000000 0.847247
56.000000 1.000000 -1.000000 1.000000 1.000000 1.000000 -1.000000 0.000000 0.000000 0.000000 0.000000 0.000000 0.847247
56.000000 1.000000 -1.000000 1.000000 1.000000 1.000000 -1.000000 0.000000 0.000000 0.000000 0.000000 0.000000 0.847247
56.000000 1.000000 -1.000000 1.000000 1.000000 1.000000 -1.000000 0.000000 0.000000 0.000000 0.000000 0.000000 0.847247
56.000000 1.000000 -1.000000 1.000000 1.000000 1.000000 -1.000000 0.000000 0.000000 0.000000 0.000000 0.000000 0.847247
56.000000 1.000000 -1.000000 1.000000 1.000000 1.000000 -1.000000 0.000000 0.000000 0.000000 0.000000 0.000000 0.847247
56.000000 1.000000 -1.000000 1.000000 1.000000 1.000000 -1.000000 0.000000 0.000000 0.000000 0.000000 0.000000 0.847247
56.000000 1.000000 -1.000000 1.000000 1.000000 1.000000 -1.000000 0.000000 0.000000 0.000000 0.000000 0.000000 0.847247
56.000000 1.000000 -1.000000 1.000000 1.000000 1.000000 -1.000000 0.000000 0.000000 0.000000 0.000000 0.000000 0.847247
56.000000 1.000000 -1.000000 1.000000 1.000000 1.000000 -1.000000 0.000000 0.000000 0.000000 0.000000 0.000000 0.847247
56.000000 1.000000 -1.000000 1.000000 1.000000 1.000000 -1.000000 0.000000 0.000000 0.000000 0.000000 0.000000 0.847247
56.000000 1.000000 -1.000000 1.000000 1.000000 1.000000 -1.000000 0.000000 0.000000 0.000000 0.000000 0.000000 0.847247
56.000000 1.000000 -1.000000 1.000000 1.000000 1.000000 -1.000000 0.000000 0.000000 0.000000 0.000000 0.000000 0.847247
56.000000 1.000000 -1.000000 1.000000 1.000000 1.000000 -1.000000 0.000000 0.000000 0.000000 0.000000 0.000000 0.847247
56.000000 1.000000 -1.000000 1.000000 1.000000 1.000000 -1.000000 0.000000 0.000000 0.000000 0.000000 0.000000 0.847247
56.000000 1.000000 -1.000000 1.000000 1.000000 1.000000 -1.000000 0.000000 0.000000 0.000000 0.000000 0.000000 0.847247
56.000000 1.000000 -1.000000 1.000000 1.000000 1.000000 -1.000000 0.000000 0.000000 0.000000 0.000000 0.000000 0.847247
56.000000 1.000000 -1.000000 1.000000 1.000000 1.000000 -1.000000 0.000000 0.000000 0.000000 0.000000 0.000000 0.847247
56.000000 1.000000 -1.000000 1.000000 1.000000 1.000000 -1.000000 0.000000 0.000000 0.000000 0.000000 0.000000 0.847247
56.000000 1.000000 -1.000000 1.000000 1.000000 1.000000 -1.000000 0.000000 0.000000 0.000000 0.000000 0.000000 0.847247
56.000000 1.000000 -1.000000 1.000000 1.000000 1.000000 -1.000000 0.000000 0.000000 0.000000 0.000000 0.000000 0.847247
56.000000 1.000000 -1.000000 1.000000 1.000000 1.000000 -1.000000 0.000000 0.000000 0.000000 0.000000 0.000000 0.847247
56.000000 1.000000 -1.000000 1.000000 1.000000 1.000000 -1.000000 0.000000 0.000000 0.000000 0.000000 0.000000 0.847247
56.000000 1.000000 -1.000000 1.000000 1.000000 1.000000 -1.000000 0.000000 0.000000 0.000000 0.000000 0.000000 0.847247
56.000000 1.000000 -1.000000 1.000000 1.000000 1.000000 -1.000000 0.000000 0.000000 0.000000 0.000000 0.000000 0.847247
56.000000 1.000000 -1.000000 1.000000 1.000000 1.000000 -1.000000 0.000000 0.000000 0.000000 0.000000 0.000000 0.847247
56.000000 1.000000 -1.000000 1.000000 1.000000 1.000000 -1.000000 0.000000 0.000000 0.000000 0.000000 0.000000 0.847247
56.000000 1.000000 -1.000000 1.000000 1.000000 1.000000 -1.000000 0.000000 0.000000 0.000000 0.000000 0.000000 0.847247
56.000000 1.000000 -1.000000 1.000000 1.000000 1.000000 -1.000000 0.000000 0.000000 0.000000 0.000000 0.000000 0.847247
56.000000 1.000000 -1.000000 1.000000 1.000000 1.000000 -1.000000 0.000000 0.000000 0.000000 0.000000 0.000000 0.847247
56.000000 1.000000 -1.000000 1.000000 1.000000 1.000000 -1.000000 0.000000 0.000000 0.000000 0.000000 0.000000 0.847247
56.000000 1.000000 -1.000000 1.000000 1.000000 1.000000 -1.000000 0.000000 0.000000 0.000000 0.000000 0.000000 0.847247
56.000000 1.000000 -1.000000 1.000000 1.000000 1.000000 -1.000000 0.000000 0.000000 0.000000 0.000000 0.000000 0.847247
56.000000 1.000000 -1.000000 1.000000 1.000000 1.000000 -1.000000 0.000000 0.000000 0.000000 0.000000 0.000000 0.847247
56.000000 1.000000 -1.000000 1.000000 1.000000 1.000000 -1.000000 0.000000 0.000000 0.000000 0.000000 0.000000 0.847247
56.000000 1.000000 -1.000000 1.000000 1.000000 1.000000 -1.000000 0.000000 0.000000 0.000000 0.000000 0.000000 0.847247
56.000000 1.000000 -1.000000 1.000000 1.000000 1.000000 -1.000000 0.000000 0.000000 0.000000 0.000000 0.000000 0.847247
56.000000 1.000000 -1.000000 1.000000 1.000000 1.000000 -1.000000 0.000000 0.000000 0.000000 0.000000 0.000000 0.847247
56.000000 1.000000 -1.000000 1.000000 1.000000 1.000000 -1.000000 0.000000 0.000000 0.000000 0.000000 0.000000 0.847247
56.000000 1.000000 -1.000000 1.000000 1.000000 1.000000 -1.000000 0.000000 0.000000 0.000000 0.000000 0.000000 0.847247
56.000000 1.000000 -1.000000 1.000000 1.000000 1.000000 -1.000000 0.000000 0.000000 0.000000 0.000000 0.000000 0.847247
56.000000 1.000000 -1.000000 1.000000 1.000000 1.000000 -1.000000 0.000000 0.000000 0.000000 0.000000 0.000000 0.847247
70.000000 1.000000 -1.000000 1.000000 -1.000000 1.000000 0.000000 0.000000 0.000000 0.000000 0.000000 0.000000 -0.991399
25.000000 1.000000 -1.000000 -1.000000 -1.000000 1.000000 -1.000000 0.000000 0.000000 0.000000 0.000000 0.000000 0.928218
45.000000 1.000000 -1.000000 -1.000000 -1.000000 -1.000000 -1.000000 0.000000 0.000000 0.000000 0.000000 0.000000 -0.098449
70.000000 1.000000 -1.000000 1.000000 -1.000000 1.000000 0.000000 0.000000 0.000000 0.000000 0.000000 0.000000 -0.991399
56.000000 1.000000 -1.000000 1.000000 1.000000 1.000000 -1.000000 0.000000 0.000000 0.000000 0.000000 0.000000 0.847247
56.000000 1.000000 -1.000000 1.000000 1.000000 1.000000 -1.000000 0.000000 0.000000 0.000000 0.000000 0.000000 0.847247
56.000000 1.000000 -1.000000 1.000000 1.000000 1.000000 -1.000000 0.000000 0.000000 0.000000 0.000000 0.000000 0.847247
70.000000 1.000000 -1.000000 1.000000 -1.000000 1.000000 0.000000 0.000000 0.000000 0.000000 0.000000 0.000000 -0.991399
70.000000 1.000000 -1.000000 1.000000 -1.000000 1.000000 0.000000 0.000000 0.000000 0.000000 0.000000 0.000000 -0.991399
70.000000 1.000000 -1.000000 1.000000 -1.000000 1.000000 0.000000 0.000000 0.000000 0.000000 0.000000 0.000000 -0.991399
70.000000 1.000000 -1.000000 1.000000 -1.000000 1.000000 0.000000 0.000000 0.000000 0.000000 0.000000 0.000000 -0.991399
70.000000 1.000000 -1.000000 1.000000 -1.000000 1.000000 0.000000 0.000000 0.000000 0.000000 0.000000 0.000000 -0.991399
70.000000 1.000000 -1.000000 1.000000 -1.000000 1.000000 0.000000 0.000000 0.000000 0.000000 0.000000 0.000000 -0.991399
70.000000 1.000000 -1.000000 1.000000 -1.000000 1.000000 0.000000 0.000000 0.000000 0.000000 0.000000 0.000000 -0.991399
70.000000 1.000000 -1.000000 1.000000 -1.000000 1.000000 0.000000 0.000000 0.000000 0.000000 0.000000 0.000000 -0.991399
70.000000 1.000000 -1.000000 1.000000 -1.000000 1.000000 0.000000 0.000000 0.000000 0.000000 0.000000 0.000000 -0.991399
70.000000 1.000000 -1.000000 1.000000 -1.000000 1.000000 0.000000 0.000000 0.000000 0.000000 0.000000 0.000000 -0.991399
59.000000 1.000000 -1.000000 1.000000 -1.000000 1.000000 -1.000000 0.000000 0.000000 0.000000 0.000000 0.000000 -0.946034
47.000000 -1.000000 -1.000000 -1.000000 -1.000000 -1.000000 -1.000000 0.000000 0.000000 0.000000 0.000000 0.000000 -0.537665
70.000000 1.000000 -1.000000 1.000000 -1.000000 1.000000 0.000000 0.000000 0.000000 0.000000 0.000000 0.000000 -0.991399
70.000000 1.000000 -1.000000 1.000000 -1.000000 1.000000 0.000000 0.000000 0.000000 0.000000 0.000000 0.000000 -0.991399
70.000000 1.000000 -1.000000 1.000000 -1.000000 1.000000 0.000000 0.000000 0.000000 0.000000 0.000000 0.000000 -0.991399
70.000000 1.000000 -1.000000 1.000000 -1.000000 1.000000 0.000000 0.000000 0.000000 0.000000 0.000000 0.000000 -0.991399
70.000000 1.000000 -1.000000 1.000000 -1.000000 1.000000 0.000000 0.000000 0.000000 0.000000 0.000000 0.000000 -0.991399
70.000000 1.000000 -1.000000 1.000000 -1.000000 1.000000 0.000000 0.000000 0.000000 0.000000 0.000000 0.000000 -0.991399
70.000000 1.000000 -1.000000 1.000000 -1.000000 1.000000 0.000000 0.000000 0.000000 0.000000 0.000000 0.000000 -0.991399
70.000000 1.000000 -1.000000 1.000000 -1.000000 1.000000 0.000000 0.000000 0.000000 0.000000 0.000000 0.000000 -0.991399
70.000000 1.000000 -1.000000 1.000000 -1.000000 1.000000 0.000000 0.000000 0.000000 0.000000 0.000000 0.000000 -0.991399
70.000000 1.000000 -1.000000 1.000000 -1.000000 1.000000 0.000000 0.000000 0.000000 0.000000 0.000000 0.000000 -0.991399
70.000000 1.000000 -1.000000 1.000000 -1.000000 1.000000 0.000000 0.000000 0.000000 0.000000 0.000000 0.000000 -0.991399
70.000000 1.000000 -1.000000 1.000000 -1.000000 1.000000 0.000000 0.000000 0.000000 0.000000 0.000000 0.000000 -0.991399
31.000000 1.000000 -1.000000 -1.000000 1.000000 -1.000000 -1.000000 0.000000 0.000000 0.000000 0.000000 0.000000 0.887436
24.000000 -1.000000 -1.000000 -1.000000 -1.000000 -1.000000 -1.000000 0.000000 0.000000 0.000000 0.000000 0.000000 0.355159
70.000000 1.000000 -1.000000 1.000000 -1.000000 1.000000 0.000000 0.000000 0.000000 0.000000 0.000000 0.000000 -0.991399
74.000000 -1.000000 -1.000000 1.000000 -1.000000 -1.000000 -1.000000 0.000000 0.000000 0.000000 0.000000 0.000000 -0.994494
70.000000 1.000000 -1.000000 1.000000 -1.000000 1.000000 0.000000 0.000000 0.000000 0.000000 0.000000 0.000000 -0.991399
70.000000 1.000000 -1.000000 1.000000 -1.000000 1.000000 0.000000 0.000000 0.000000 0.000000 0.000000 0.000000 -0.991399
70.000000 1.000000 -1.000000 1.000000 -1.000000 1.000000 0.000000 0.000000 0.000000 0.000000 0.000000 0.000000 -0.991399
70.000000 1.000000 -1.000000 1.000000 -1.000000 1.000000 0.000000 0.000000 0.000000 0.000000 0.000000 0.000000 -0.991399
70.000000 1.000000 -1.000000 1.000000 -1.000000 1.000000 0.000000 0.000000 0.000000 0.000000 0.000000 0.000000 -0.991399
70.000000 1.000000 -1.000000 1.000000 -1.000000 1.000000 0.000000 0.000000 0.000000 0.000000 0.000000 0.000000 -0.991399
70.000000 1.000000 -1.000000 1.000000 -1.000000 1.000000 0.000000 0.000000 0.000000 0.000000 0.000000 0.000000 -0.991399
47.000000 -1.000000 -1.000000 -1.000000 -1.000000 -1.000000 -1.000000 0.000000 0.000000 0.000000 0.000000 0.000000 -0.537665
75.000000 -1.000000 -1.000000 -1.000000 -1.000000 1.000000 -1.000000 0.000000 0.000000 0.000000 0.000000 0.000000 -0.587581
38.000000 -1.000000 -1.000000 -1.000000 -1.000000 1.000000 -1.000000 0.000000 0.000000 0.000000 0.000000 0.000000 0.636853
55.000000 1.000000 -1.000000 1.000000 -1.000000 1.000000 -1.000000 0.000000 0.000000 0.000000 0.000000 0.000000 -0.929274
27.000000 1.000000 -1.000000 1.000000 -1.000000 -1.000000 -1.000000 0.000000 0.000000 0.000000 0.000000 0.000000 -0.754028
39.000000 1.000000 1.000000 1.000000 1.000000 -1.000000 0.000000 0.000000 0.000000 0.000000 0.000000 0.000000 0.110011
74.000000 1.000000 -1.000000 -1.000000 -1.000000 1.000000 1.000000 0.000000 0.000000 0.000000 0.000000 0.000000 0.061587
72.000000 1.000000 -1.000000 -1.000000 -1.000000 -1.000000 -1.000000 0.000000 0.000000 0.000000 0.000000 0.000000 -0.819188
39.000000 1.000000 1.000000 1.000000 1.000000 -1.000000 0.000000 0.000000 0.000000 0.000000 0.000000 0.000000 0.110011
38.000000 -1.000000 -1.000000 -1.000000 -1.000000 1.000000 -1.000000 0.000000 0.000000 0.000000 0.000000 0.000000 0.636853
38.000000 -1.000000 -1.000000 -1.000000 -1.000000 1.000000 -1.000000 0.000000 0.000000 0.000000 0.000000 0.000000 0.636853
44.000000 -1.000000 -1.000000 -1.000000 -1.000000 -1.000000 -1.000000 0.000000 0.000000 0.000000 0.000000 0.000000 -0.445452
36.000000 1.000000 -1.000000 1.000000 1.000000 -1.000000 -1.000000 0.000000 0.000000 0.000000 0.000000 0.000000 0.951041
55.000000 1.000000 -1.000000 -1.000000 -1.000000 1.000000 -1.000000 0.000000 0.000000 0.000000 0.000000 0.000000 0.380317
69.000000 1.000000 -1.000000 -1.000000 -1.000000 1.000000 -1.000000 0.000000 0.000000 0.000000 0.000000 0.000000 -0.164484
55.000000 1.000000 -1.000000 -1.000000 -1.000000 1.000000 -1.000000 0.000000 0.000000 0.000000 0.000000 0.000000 0.380317
39.000000 1.000000 1.000000 1.000000 1.000000 -1.000000 0.000000 0.000000 0.000000 0.000000 0.000000 0.000000 0.110011
64.000000 -1.000000 -1.000000 -1.000000 -1.000000 1.000000 -1.000000 0.000000 0.000000 0.000000 0.000000 0.000000 -0.248861
64.000000 -1.000000 -1.000000 -1.000000 -1.000000 1.000000 -1.000000 0.000000 0.000000 0.000000 0.000000 0.000000 -0.248861
57.000000 1.000000 -1.000000 -1.000000 1.000000 1.000000 -1.000000 0.000000 0.000000 0.000000 0.000000 0.000000 0.694423
47.000000 -1.000000 -1.000000 -1.000000 -1.000000 -1.000000 -1.000000 0.000000 0.000000 0.000000 0.000000 0.000000 -0.537665
57.000000 1.000000 -1.000000 -1.000000 1.000000 1.000000 -1.000000 0.000000 0.000000 0.000000 0.000000 0.000000 0.694423
74.000000 -1.000000 -1.000000 1.000000 -1.000000 -1.000000 -1.000000 0.000000 0.000000 0.000000 0.000000 0.000000 -0.994494
57.000000 1.000000 -1.000000 -1.000000 1.000000 1.000000 -1.000000 0.000000 0.000000 0.000000 0.000000 0.000000 0.694423
57.000000 1.000000 -1.000000 -1.000000 1.000000 1.000000 -1.000000 0.000000 0.000000 0.000000 0.000000 0.000000 0.694423
31.000000 1.000000 -1.000000 -1.000000 1.000000 -1.000000 -1.000000 0.000000 0.000000 0.000000 0.000000 0.000000 0.887436
57.000000 1.000000 -1.000000 -1.000000 1.000000 1.000000 -1.000000 0.000000 0.000000 0.000000 0.000000 0.000000 0.694423
59.000000 1.000000 -1.000000 1.000000 -1.000000 1.000000 -1.000000 0.000000 0.000000 0.000000 0.000000 0.000000 -0.946034
75.000000 -1.000000 -1.000000 -1.000000 -1.000000 1.000000 -1.000000 0.000000 0.000000 0.000000 0.000000 0.000000 -0.587581
24.000000 -1.000000 -1.000000 -1.000000 -1.000000 -1.000000 -1.000000 0.000000 0.000000 0.000000 0.000000 0.000000 0.355159
47.000000 -1.000000 -1.000000 -1.000000 -1.000000 -1.000000 -1.000000 0.000000 0.000000 0.000000 0.000000 0.000000 -0.537665
59.000000 1.000000 -1.000000 1.000000 -1.000000 1.000000 -1.000000 0.000000 0.000000 0.000000 0.000000 0.000000 -0.946034
38.000000 1.000000 -1.000000 -1.000000 -1.000000 1.000000 -1.000000 0.000000 0.000000 0.000000 0.000000 0.000000 0.802205
70.000000 1.000000 -1.000000 -1.000000 -1.000000 1.000000 -1.000000 0.000000 0.000000 0.000000 0.000000 0.000000 -0.202822
57.000000 1.000000 -1.000000 -1.000000 1.000000 1.000000 -1.000000 0.000000 0.000000 0.000000 0.000000 0.000000 0.694423
31.000000 1.000000 -1.000000 -1.000000 1.000000 -1.000000 -1.000000 0.000000 0.000000 0.000000 0.000000 0.000000 0.887436
74.000000 -1.000000 -1.000000 1.000000 -1.000000 -1.000000 -1.000000 0.000000 0.000000 0.000000 0.000000 0.000000 -0.994494
53.000000 1.000000 -1.000000 -1.000000 1.000000 1.000000 -1.000000 0.000000 0.000000 0.000000 0.000000 0.000000 0.747605
24.000000 -1.000000 -1.000000 -1.000000 -1.000000 -1.000000 -1.000000 0.000000 0.000000 0.000000 0.000000 0.000000 0.355159
24.000000 -1.000000 -1.000000 -1.000000 -1.000000 -1.000000 -1.000000 0.000000 0.000000 0.000000 0.000000 0.000000 0.355159
24.000000 -1.000000 -1.000000 -1.000000 -1.000000 -1.000000 -1.000000 0.000000 0.000000 0.000000 0.000000 0.000000 0.355159
53.000000 1.000000 -1.000000 -1.000000 1.000000 1.000000 -1.000000 0.000000 0.000000 0.000000 0.000000 0.000000 0.747605
47.000000 -1.000000 -1.000000 -1.000000 -1.000000 -1.000000 -1.000000 0.000000 0.000000 0.000000 0.000000 0.000000 -0.537665
25.000000 1.000000 1.000000 -1.000000 -1.000000 1.000000 -1.000000 0.000000 0.000000 0.000000 0.000000 0.000000 0.791301
32.000000 1.000000 -1.000000 -1.000000 -1.000000 1.000000 -1.000000 0.000000 0.000000 0.000000 0.000000 0.000000 0.875130
31.000000 1.000000 -1.000000 -1.000000 1.000000 1.000000 1.000000 0.000000 0.000000 0.000000 0.000000 0.000000 0.933006
53.000000 1.000000 -1.000000 -1.000000 1.000000 1.000000 -1.000000 0.000000 0.000000 0.000000 0.000000 0.000000 0.747605
29.000000 1.000000 -1.000000 -1.000000 -1.000000 1.000000 1.000000 0.000000 0.000000 0.000000 0.000000 0.000000 0.818253
38.000000 1.000000 -1.000000 -1.000000 1.000000 0.000000 0.000000 0.000000 0.000000 0.000000 0.000000 0.000000 0.818068
27.000000 -1.000000 -1.000000 -1.000000 -1.000000 -1.000000 -1.000000 0.000000 0.000000 0.000000 0.000000 0.000000 0.235735
53.000000 1.000000 -1.000000 -1.000000 1.000000 1.000000 -1.000000 0.000000 0.000000 0.000000 0.000000 0.000000 0.747605
59.000000 1.000000 -1.000000 1.000000 -1.000000 1.000000 -1.000000 0.000000 0.000000 0.000000 0.000000 0.000000 -0.946034
39.000000 1.000000 1.000000 1.000000 1.000000 -1.000000 0.000000 0.000000 0.000000 0.000000 0.000000 0.000000 0.110011
53.000000 1.000000 -1.000000 -1.000000 1.000000 1.000000 -1.000000 0.000000 0.000000 0.000000 0.000000 0.000000 0.747605
68.000000 1.000000 -1.000000 -1.000000 -1.000000 1.000000 -1.000000 0.000000 0.000000 0.000000 0.000000 0.000000 -0.125524
53.000000 1.000000 -1.000000 -1.000000 1.000000 1.000000 -1.000000 0.000000 0.000000 0.000000 0.000000 0.000000 0.747605
70.000000 1.000000 -1.000000 -1.000000 -1.000000 1.000000 -1.000000 0.000000 0.000000 0.000000 0.000000 0.000000 -0.202822
70.000000 1.000000 -1.000000 -1.000000 -1.000000 1.000000 -1.000000 0.000000 0.000000 0.000000 0.000000 0.000000 -0.202822
29.000000 1.000000 -1.000000 -1.000000 1.000000 -1.000000 1.000000 0.000000 0.000000 0.000000 0.000000 0.000000 0.799232
38.000000 1.000000 -1.000000 -1.000000 -1.000000 1.000000 -1.000000 0.000000 0.000000 0.000000 0.000000 0.000000 0.802205
53.000000 1.000000 -1.000000 -1.000000 1.000000 1.000000 -1.000000 0.000000 0.000000 0.000000 0.000000 0.000000 0.747605
55.000000 1.000000 -1.000000 -1.000000 -1.000000 1.000000 -1.000000 0.000000 0.000000 0.000000 0.000000 0.000000 0.380317
39.000000 1.000000 1.000000 1.000000 1.000000 -1.000000 0.000000 0.000000 0.000000 0.000000 0.000000 0.000000 0.110011
74.000000 -1.000000 -1.000000 1.000000 -1.000000 -1.000000 -1.000000 0.000000 0.000000 0.000000 0.000000 0.000000 -0.994494
