#norm
0.027214514407680
#variaveis
12
#neuronios
15
#W1
-0.193509818863676
0.206853268335950
0.675125911012462
2.713599643568608
0.099361722956078
-0.070284530525180
0.046654526422698
-0.133511172381263
-0.024477169346521
0.032773074199426
-0.090564939738073
-0.202380360745004
-0.230579420653730
0.052239651316839
-0.194859824193958
0.078072424731612
0.035183023359393
-0.232266533243627
-0.014858282861769
-0.007193596389097
0.057660162918515
0.026578776970078
-0.049005718127389
-0.232963119762276
-0.222940543299216
0.083273634734943
-0.154574874476592
0.269357034885492
0.038488789859289
-0.087261787634714
0.031822433433948
-0.021365842398489
0.036868332207298
0.117948778393200
-0.050754257698537
-0.162054807878357
-0.301070672419332
0.209504898805850
0.557285020479573
0.177644261559173
0.071860582109838
-0.172637322396109
0.022314800319307
-0.197210661247713
0.063412526206848
0.152126163397602
0.030282884782804
0.110580718443225
-0.028256796815333
0.489838604331401
-1.650241190802843
-0.017820784252851
0.081190013931200
-0.418797289958299
-0.568879968851153
0.940007675095583
0.113766188096077
0.004874863718372
-0.199579836682589
1.022212324189500
-0.170000808458109
0.070167766350585
0.195956771429632
0.103892282043775
0.884709934684551
-0.111646754200843
-0.011211079784849
-0.501160599796352
-0.013485486537237
0.043227349037147
0.778583201337219
-0.396805609015840
0.299368166565377
0.114792234675769
-0.053009061088340
0.272819940643094
0.070046067890349
-0.048943654847940
0.037677527008459
-0.117970570077983
0.030992986426074
-0.022416911012609
0.077012825406880
0.338406221557626
0.217590512092484
-0.038799843840107
0.041391888787875
-0.264429488129189
0.118899327722274
-0.054101471520859
0.094786431793672
0.050112391666496
0.058902832223334
-0.050790631008401
0.035855397284289
0.226068256839667
-0.167698643289223
0.097662626393584
0.971141040712276
0.998550402971816
0.057634144044262
0.439556681862511
0.012360801415007
0.002265511329922
0.093573595365237
0.034829004075787
0.132347456463803
0.545615430914383
0.448960361238432
0.175969935180124
-0.005632073718874
-0.198479939027302
0.028778461375318
-0.084278371083337
0.001113877082195
0.152766200479474
-0.009061035406160
-0.060109490076662
0.124473506050865
0.167050606373673
-0.376301417969229
-0.063330501996660
-0.265994256207131
0.032822179749408
0.447816442187565
0.282547988300648
-0.651722450289554
0.091774088158942
-0.048470648279575
0.170347492997936
-0.663805574960792
0.265044830989592
0.039199688883112
0.036698088057765
-1.304286761677762
-0.825322530359633
0.435352076412901
-0.110619525959183
0.115961903969952
-1.899303029591666
0.711908355578787
0.086102142932204
0.195836011191376
-0.858742991175514
-0.152162071513708
0.073984486624332
0.683957168687812
-0.625130363949470
-0.421179896403408
0.052353307289617
0.371600200723315
0.543902549116218
0.029145295912839
0.135269265796283
-0.090994621592568
-0.209708900012354
0.330041505152067
0.101170122650360
-0.015549762986042
-0.092211227207824
0.121303432949012
0.036373489646075
0.034774279555458
-0.004871812002134
0.032544362971569
0.018826961573046
0.099893761952512
0.486109824893351
-0.080942776203273
0.108945402016541
-0.101069482990741
-0.001490195197828
-0.005159903807829
0.115316086794135
-0.037173964667114
-0.119805464391361
0.020899809317225
0.079168448981371
-0.070458844180479
-0.116067801449183
#B1
0.106638166507061
0.270973529014977
0.263682191887349
0.117582300100423
1.436445635168695
0.177135280465599
-0.008233000048176
0.081797269074911
0.312555437526601
0.318830162519844
-0.005431966635377
0.027299086256885
0.116877695694574
-0.056434863842599
0.140435462065463
#W2
0.372019464179310
0.089402242776190
0.052038430508025
1.124365423636764
1.738145992618891
1.019546287984131
-0.079356018513253
-0.527670706629465
0.035589414390695
-0.116421545692817
1.753190084935914
1.153149269469599
2.835388039382485
-0.403294115384007
-0.121224134705107
#B2
0.167576812789400
